Surface

Vertex:
0	0	0
5000	0	0
5000	0	5000
0	0	5000
end

Wall:
grid:	50
trans:	100	0	100	150
vert:	0	1	2	3
#################################
end
objectEnd

Cat head

opt:	0

Vertex:
//Left ear
10	100	50
10	110	50
20	110	50
20	100	50
10	100	60
10	110	60
20	110	60
20	100	60
//Right ear
40	100	50
40	110	50
50	110	50
50	100	50
40	100	60
40	110	60
50	110	60
50	100	60
//Head
10	60	20
10	100	20
50	100	20
50	60	20
10	60	60
//Use point 4
//Use point 12
50	60	60
//Left Eye
15	85	20
15	95	20
25	95	20
25	85	20
//Right Eye
35	85	20
35	95	20
45	95	20
45	85	20
//Nose
30	85	20
25	75	20
35	75	20
//Mouth
17	70	20
43	70	20
38	65	20
22	65	20
end

Wall:
//Left Ear
trans:	0	0	0	255
vert:	0	1	2	3
#################################
trans:	0	0	0	255
vert:	0	1	5	4
#################################
trans:	0	0	0	255
vert:	1	2	6	5
#################################
trans:	0	0	0	255
vert:	4	5	6	7
#################################
trans:	0	0	0	255
vert:	2	3	7	6
#################################
//Right Ear
trans:	0	0	0	255
vert:	8	9	10	11
#################################
trans:	0	0	0	255
vert:	8	9	13	12
#################################
trans:	0	0	0	255
vert:	9	10	14	13
#################################
trans:	0	0	0	255
vert:	12	13	14	15
#################################
trans:	0	0	0	255
vert:	10	11	15	14
#################################
//Head
trans:	0	0	0	255
vert:	16	17	4	20
#################################
trans:	0	0	0	255
vert:	16	19	21	20
#################################
trans:	0	0	0	255
vert:	17	4	15	18
#################################
trans:	0	0	0	255
vert:	18	19	21	15
#################################
trans:	0	0	0	255
vert:	20	4	15	21
#################################
trans:	0	0	0	255
vert:	16	17	18	19
lStrip:	22	23	24	25	22
lStrip:	26	27	28	29	26
lStrip:	30	31	32	30
lStrip:	33	34	35	36	33
#################################
end
objectEnd

Cat body
opt:	0

Vertex:
15	50	60
15	90	60
45	90	60
45	50	60
15	50	150
15	90	150
45	90	150
45	50	150
end

Wall:
trans:	0	0	0	255
vert:	0	1	2	3
###
trans:	0	0	0	255
vert:	0	1	5	4
###
trans:	0	0	0	255
vert:	0	3	7	4
###
trans:	0	0	0	255
vert:	4	5	6	7
###
trans:	0	0	0	255
vert:	1	2	6	5
###
trans:	0	0	0	255
vert:	2	3	7	6
###
end
objectEnd

Front left leg
opt:	0

Vertex:
15	15	60
15	50	60
25	50	60
25	15	60
15	15	70
15	50	70
25	50	70
25	15	70
end

Wall:
trans:	0	0	0	255
vert:	0	1	2	3
###
trans:	0	0	0	255
vert:	0	1	5	4
###
trans:	0	0	0	255
vert:	0	3	7	4
###
trans:	0	0	0	255
vert:	4	5	6	7
###
trans:	0	0	0	255
vert:	1	2	6	5
###
trans:	0	0	0	255
vert:	2	3	7	6
###
end
objectEnd

Front right leg
opt:	0

Vertex:
35	15	60
35	50	60
45	50	60
45	15	60
35	15	70
35	50	70
45	50	70
45	15	70
end

Wall:
trans:	0	0	0	255
vert:	0	1	2	3
###
trans:	0	0	0	255
vert:	0	1	5	4
###
trans:	0	0	0	255
vert:	0	3	7	4
###
trans:	0	0	0	255
vert:	4	5	6	7
###
trans:	0	0	0	255
vert:	1	2	6	5
###
trans:	0	0	0	255
vert:	2	3	7	6
###
end
objectEnd

Back left leg
opt:	0

Vertex:
15	15	140
15	50	140
25	50	140
25	15	140
15	15	150
15	50	150
25	50	150
25	15	150
end

Wall:
trans:	0	0	0	255
vert:	0	1	2	3
###
trans:	0	0	0	255
vert:	0	1	5	4
###
trans:	0	0	0	255
vert:	0	3	7	4
###
trans:	0	0	0	255
vert:	4	5	6	7
###
trans:	0	0	0	255
vert:	1	2	6	5
###
trans:	0	0	0	255
vert:	2	3	7	6
###
end
objectEnd

Back right leg
opt:	0

Vertex:
35	15	140
35	50	140
45	50	140
45	15	140
35	15	150
35	50	150
45	50	150
45	15	150
end

Wall:
trans:	0	0	0	255
vert:	0	1	2	3
###
trans:	0	0	0	255
vert:	0	1	5	4
###
trans:	0	0	0	255
vert:	0	3	7	4
###
trans:	0	0	0	255
vert:	4	5	6	7
###
trans:	0	0	0	255
vert:	1	2	6	5
###
trans:	0	0	0	255
vert:	2	3	7	6
###
end
objectEnd

Cat tail
opt: 	0

Vertex:
26	78	150
26	86	150
34	86	150
34	78	150
26	78	155
26	86	155
34	86	155
34	78	155
//--
26	30	155
34	30	155
26	30	160
26	86	160
34	86	160
34	30	160
end

Wall:
trans:	0	0	0	255
vert:	0	1	5	4
###
trans:	0	0	0	255
vert:	0	3	7	4
###
trans:	0	0	0	255
vert:	1	2	6	5
###
trans:	0	0	0	255
vert:	2	3	7	6
###
//Actual tail
trans:	0	0	0	255
vert:	8	5	6	9
###
trans:	0	0	0	255
vert:	8	5	11	10
###
trans:	0	0	0	255
vert:	8	9	13	10
###
trans:	0	0	0	255
vert:	10	11	12	13
###
trans:	0	0	0	255
vert:	5	6	12	11
###
trans:	0	0	0	255
vert:	6	9	13	12
###
end
objectEnd

Cat head

opt:	0

Vertex:
//Left ear
10	100	50
10	110	50
20	110	50
20	100	50
10	100	60
10	110	60
20	110	60
20	100	60
//Right ear
40	100	50
40	110	50
50	110	50
50	100	50
40	100	60
40	110	60
50	110	60
50	100	60
//Head
10	60	20
10	100	20
50	100	20
50	60	20
10	60	60
//Use point 4
//Use point 12
50	60	60
//Left Eye
15	85	20
15	95	20
25	95	20
25	85	20
//Right Eye
35	85	20
35	95	20
45	95	20
45	85	20
//Nose
30	85	20
25	75	20
35	75	20
//Mouth
17	70	20
43	70	20
38	65	20
22	65	20
end

Wall:
//Left Ear
trans:	0	0	0	255
vert:	0	1	2	3
#################################
trans:	0	0	0	255
vert:	0	1	5	4
#################################
trans:	0	0	0	255
vert:	1	2	6	5
#################################
trans:	0	0	0	255
vert:	4	5	6	7
#################################
trans:	0	0	0	255
vert:	2	3	7	6
#################################
//Right Ear
trans:	0	0	0	255
vert:	8	9	10	11
#################################
trans:	0	0	0	255
vert:	8	9	13	12
#################################
trans:	0	0	0	255
vert:	9	10	14	13
#################################
trans:	0	0	0	255
vert:	12	13	14	15
#################################
trans:	0	0	0	255
vert:	10	11	15	14
#################################
//Head
trans:	0	0	0	255
vert:	16	17	4	20
#################################
trans:	0	0	0	255
vert:	16	19	21	20
#################################
trans:	0	0	0	255
vert:	17	4	15	18
#################################
trans:	0	0	0	255
vert:	18	19	21	15
#################################
trans:	0	0	0	255
vert:	20	4	15	21
#################################
trans:	0	0	0	255
vert:	16	17	18	19
lStrip:	22	23	24	25	22
lStrip:	26	27	28	29	26
lStrip:	30	31	32	30
lStrip:	33	34	35	36	33
#################################
end
objectEnd

Cat body
opt:	0

Vertex:
15	50	60
15	90	60
45	90	60
45	50	60
15	50	150
15	90	150
45	90	150
45	50	150
end

Wall:
trans:	0	0	0	255
vert:	0	1	2	3
###
trans:	0	0	0	255
vert:	0	1	5	4
###
trans:	0	0	0	255
vert:	0	3	7	4
###
trans:	0	0	0	255
vert:	4	5	6	7
###
trans:	0	0	0	255
vert:	1	2	6	5
###
trans:	0	0	0	255
vert:	2	3	7	6
###
end
objectEnd

Front left leg
opt:	0

Vertex:
15	15	60
15	50	60
25	50	60
25	15	60
15	15	70
15	50	70
25	50	70
25	15	70
end

Wall:
trans:	0	0	0	255
vert:	0	1	2	3
###
trans:	0	0	0	255
vert:	0	1	5	4
###
trans:	0	0	0	255
vert:	0	3	7	4
###
trans:	0	0	0	255
vert:	4	5	6	7
###
trans:	0	0	0	255
vert:	1	2	6	5
###
trans:	0	0	0	255
vert:	2	3	7	6
###
end
objectEnd

Front right leg
opt:	0

Vertex:
35	15	60
35	50	60
45	50	60
45	15	60
35	15	70
35	50	70
45	50	70
45	15	70
end

Wall:
trans:	0	0	0	255
vert:	0	1	2	3
###
trans:	0	0	0	255
vert:	0	1	5	4
###
trans:	0	0	0	255
vert:	0	3	7	4
###
trans:	0	0	0	255
vert:	4	5	6	7
###
trans:	0	0	0	255
vert:	1	2	6	5
###
trans:	0	0	0	255
vert:	2	3	7	6
###
end
objectEnd

Back left leg
opt:	0

Vertex:
15	15	140
15	50	140
25	50	140
25	15	140
15	15	150
15	50	150
25	50	150
25	15	150
end

Wall:
trans:	0	0	0	255
vert:	0	1	2	3
###
trans:	0	0	0	255
vert:	0	1	5	4
###
trans:	0	0	0	255
vert:	0	3	7	4
###
trans:	0	0	0	255
vert:	4	5	6	7
###
trans:	0	0	0	255
vert:	1	2	6	5
###
trans:	0	0	0	255
vert:	2	3	7	6
###
end
objectEnd

Back right leg
opt:	0

Vertex:
35	15	140
35	50	140
45	50	140
45	15	140
35	15	150
35	50	150
45	50	150
45	15	150
end

Wall:
trans:	0	0	0	255
vert:	0	1	2	3
###
trans:	0	0	0	255
vert:	0	1	5	4
###
trans:	0	0	0	255
vert:	0	3	7	4
###
trans:	0	0	0	255
vert:	4	5	6	7
###
trans:	0	0	0	255
vert:	1	2	6	5
###
trans:	0	0	0	255
vert:	2	3	7	6
###
end
objectEnd

Cat tail
opt: 	0

Vertex:
26	78	150
26	86	150
34	86	150
34	78	150
26	78	155
26	86	155
34	86	155
34	78	155
//--
26	30	155
34	30	155
26	30	160
26	86	160
34	86	160
34	30	160
end

Wall:
trans:	0	0	0	255
vert:	0	1	5	4
###
trans:	0	0	0	255
vert:	0	3	7	4
###
trans:	0	0	0	255
vert:	1	2	6	5
###
trans:	0	0	0	255
vert:	2	3	7	6
###
//Actual tail
trans:	0	0	0	255
vert:	8	5	6	9
###
trans:	0	0	0	255
vert:	8	5	11	10
###
trans:	0	0	0	255
vert:	8	9	13	10
###
trans:	0	0	0	255
vert:	10	11	12	13
###
trans:	0	0	0	255
vert:	5	6	12	11
###
trans:	0	0	0	255
vert:	6	9	13	12
###
end
objectEnd