Surface

Vertex:
0	0	0
5000	0	0
5000	0	5000
0	0	5000
end

Wall:
grid:	50
trans:	100	0	100	150
vert:	3	2	1	0
#################################
end
objectEnd

Cat head

opt:	0

Vertex:
//Left ear
10	100	50
10	110	50
20	110	50
20	100	50
10	100	60
10	110	60
20	110	60
20	100	60
//Right ear
40	100	50
40	110	50
50	110	50
50	100	50
40	100	60
40	110	60
50	110	60
50	100	60
//Head
10	60	20
10	100	20
50	100	20
50	60	20
10	60	60
//Use point 4
//Use point 12
50	60	60
//Left Eye
15	85	20
15	95	20
25	95	20
25	85	20
//Right Eye
35	85	20
35	95	20
45	95	20
45	85	20
//Nose
30	85	20
25	75	20
35	75	20
//Mouth
17	70	20
43	70	20
38	65	20
22	65	20
end

Wall:
//Left Ear
trans:	0	0	0	255
vert:	0	1	2	3
#################################
trans:	0	0	0	255
vert:	1	0	4	5
#################################
trans:	0	0	0	255
vert:	7	6	5	4
#################################
trans:	0	0	0	255
vert:	5	6	2	1
#################################
trans:	0	0	0	255
vert:	6	7	3	2
#################################
//Right Ear
trans:	0	0	0	255
vert:	8	9	10	11
#################################
trans:	0	0	0	255
vert:	9	8	12	13
#################################
trans:	0	0	0	255
vert:	15	14	13	12
#################################
trans:	0	0	0	255
vert:	13	14	10	9
#################################
trans:	0	0	0	255
vert:	14	15	11	10
#################################
//Head
trans:	0	0	0	255
vert:	20	4	17	16
#################################
trans:	0	0	0	255
vert:	16	19	21	20
#################################
trans:	0	0	0	255
vert:	17	4	15	18
#################################
trans:	0	0	0	255
vert:	15	21	19	18
#################################
trans:	0	0	0	255
vert:	21	15	4	20
#################################
trans:	0	0	0	255
vert:	16	17	18	19
lStrip:	22	23	24	25	22
lStrip:	26	27	28	29	26
lStrip:	30	31	32	30
lStrip:	33	34	35	36	33
#################################
end
objectEnd

Cat body
opt:	0

Vertex:
15	50	60
15	90	60
45	90	60
45	50	60
15	50	150
15	90	150
45	90	150
45	50	150
end

Wall:
trans:	0	0	0	255
vert:	0	1	2	3
###
trans:	0	0	0	255
vert:	1	0	4	5
###
trans:	0	0	0	255
vert:	0	3	7	4
###
trans:	0	0	0	255
vert:	7	6	5	4
###
trans:	0	0	0	255
vert:	5	6	2	1
###
trans:	0	0	0	255
vert:	6	7	3	2
###
end
objectEnd

Front left leg
opt:	0

Vertex:
15	15	60
15	50	60
25	50	60
25	15	60
15	15	70
15	50	70
25	50	70
25	15	70
end

Wall:
trans:	0	0	0	255
vert:	0	1	2	3
###
trans:	0	0	0	255
vert:	1	0	4	5
###
trans:	0	0	0	255
vert:	0	3	7	4
###
trans:	0	0	0	255
vert:	7	6	5	4
###
trans:	0	0	0	255
vert:	6	7	3	2
###
end
objectEnd

Front right leg
opt:	0

Vertex:
35	15	60
35	50	60
45	50	60
45	15	60
35	15	70
35	50	70
45	50	70
45	15	70
end

Wall:
trans:	0	0	0	255
vert:	0	1	2	3
###
trans:	0	0	0	255
vert:	1	0	4	5
###
trans:	0	0	0	255
vert:	0	3	7	4
###
trans:	0	0	0	255
vert:	7	6	5	4
###
trans:	0	0	0	255
vert:	6	7	3	2
###
end
objectEnd

Back left leg
opt:	0

Vertex:
15	15	140
15	50	140
25	50	140
25	15	140
15	15	150
15	50	150
25	50	150
25	15	150
end

Wall:
trans:	0	0	0	255
vert:	0	1	2	3
###
trans:	0	0	0	255
vert:	1	0	4	5
###
trans:	0	0	0	255
vert:	0	3	7	4
###
trans:	0	0	0	255
vert:	7	6	5	4
###
trans:	0	0	0	255
vert:	6	7	3	2
###
end
objectEnd

Back right leg
opt:	0

Vertex:
35	15	140
35	50	140
45	50	140
45	15	140
35	15	150
35	50	150
45	50	150
45	15	150
end

Wall:
trans:	0	0	0	255
vert:	0	1	2	3
###
trans:	0	0	0	255
vert:	1	0	4	5
###
trans:	0	0	0	255
vert:	0	3	7	4
###
trans:	0	0	0	255
vert:	7	6	5	4
###
trans:	0	0	0	255
vert:	6	7	3	2
###
end
objectEnd

Cat tail
opt: 	0

Vertex:
26	78	150
26	86	150
34	86	150
34	78	150

26	78	155
26	86	160
34	86	160
34	78	155

26	30	155
34	30	155
26	30	160
34	30	160
end

Wall:
trans:	0	0	0	255
vert:	1	0	4	5
lMask:	1	1	0	1
###
trans:	0	0	0	255
vert:	0	3	7	4
###
trans:	0	0	0	255
vert:	5	6	2	1
###
trans:	0	0	0	255
vert:	6	7	3	2
lMask:	0	1	1	1
###
trans:	0	0	0	255
vert:	8	4	7	9
###
trans:	0	0	0	255
vert:	8	10	5	4
lMask:	1	1	0	1
###
trans:	0	0	0	255
vert:	11	6	5	10
###
trans:	0	0	0	255
vert:	7	6	11	9
lMask:	0	1	1	1
###
trans:	0	0	0	255
vert:	8	9	11	10
###
end



//Wall:
trans:	0	0	0	255
vert:	1	0	4	5
###
trans:	0	0	0	255
vert:	0	3	7	4
###
trans:	0	0	0	255
vert:	5	6	2	1
###
trans:	0	0	0	255
vert:	6	7	3	2
###
//Actual tail
trans:	0	0	0	255
vert:	8	5	6	9
###
trans:	0	0	0	255
vert:	10	11	5	8
###
trans:	0	0	0	255
vert:	8	9	13	10
###
trans:	0	0	0	255
vert:	13	12	11	10
###
trans:	0	0	0	255
vert:	11	12	6	5
###
trans:	0	0	0	255
vert:	12	13	9	6
###
end
objectEnd

Wall

opt:	0

Vertex:
300	0	700
300	200	700
1100	200	700
1100	0	700
300	0	800
300	200	800
1100	200	800
1100	0	800
end

Wall:
trans:	0	0	0	255
vert:	0	1	2	3
#################################
trans:	0	0	0	255
vert:	1	0	4	5
#################################
trans:	0	0	0	255
vert:	7	6	5	4
#################################
trans:	0	0	0	255
vert:	5	6	2	1
#################################
trans:	0	0	0	255
vert:	6	7	3	2
#################################
end
objectEnd