Surface

Vertex:
0	0	0
5000	0	0
5000	0	5000
0	0	5000
end

Wall:
grid:	50
trans:	100	0	100	150
vert:	0	1	2	3
#################################
end
objectEnd

Cat head

opt:	0

Vertex:
//Left ear
10	100	50
10	110	50
20	110	50
20	100	50
10	100	60
10	110	60
20	110	60
20	100	60
//Right ear
40	100	50
40	110	50
50	110	50
50	100	50
40	100	60
40	110	60
50	110	60
50	100	60
//Head
10	60	20
10	100	20
50	100	20
50	60	20
10	60	60
//Use point 4
//Use point 12
50	60	60
//Left Eye
15	85	20
15	95	20
25	95	20
25	85	20
//Right Eye
35	85	20
35	95	20
45	95	20
45	85	20
//Nose
30	85	20
25	75	20
35	75	20
//Mouth
17	70	20
43	70	20
38	65	20
22	65	20
end

Wall:
//Left Ear
trans:	0	0	0	255
vert:	0	1	2	3
#################################
trans:	0	0	0	255
vert:	0	1	5	4
#################################
trans:	0	0	0	255
vert:	1	2	6	5
#################################
trans:	0	0	0	255
vert:	4	5	6	7
#################################
trans:	0	0	0	255
vert:	2	3	7	6
#################################
//Right Ear
trans:	0	0	0	255
vert:	8	9	10	11
#################################
trans:	0	0	0	255
vert:	8	9	13	12
#################################
trans:	0	0	0	255
vert:	9	10	14	13
#################################
trans:	0	0	0	255
vert:	12	13	14	15
#################################
trans:	0	0	0	255
vert:	10	11	15	14
#################################
//Head
trans:	0	0	0	255
vert:	16	17	4	20
#################################
trans:	0	0	0	255
vert:	16	19	21	20
#################################
trans:	0	0	0	255
vert:	17	4	15	18
#################################
trans:	0	0	0	255
vert:	18	19	21	15
#################################
trans:	0	0	0	255
vert:	20	4	15	21
#################################
//Forehead
trans:	0	0	0	255
vert:	17	23	28	18
lMask:	0	0	0	0
dMask:	0	0	0	0
#################################
trans:	0	0	0	255
vert:	24	27	26	30	25
lMask:	0	0	0	0	0
dMask:	0	0	0	0	0
#################################
//Left Chin
trans:	0	0	0	255
vert:	17	23	24	16
lMask:	0	0	0	0
dMask:	0	0	0	0
#################################
trans:	0	0	0	255
vert:	16	33	22
lMask:	0	0	0
dMask:	0	0	0
#################################
trans:	0	0	0	255
vert:	16	33	36
lMask:	0	0	0
dMask:	0	0	0
#################################
trans:	0	0	0	255
vert:	22	30	31	33
lMask:	0	0	0	0
dMask:	0	0	0	0
#################################
//Beard
trans:	0	0	0	255
vert:	16	36	35	19
lMask:	0	0	0	0
dMask:	0	0	0	0
#################################
//Right chin
trans:	0	0	0	255
vert:	19	35	34
lMask:	0	0	0
dMask:	0	0	0
#################################
trans:	0	0	0	255
vert:	18	28	29	19
lMask:	0	0	0	0
dMask:	0	0	0	0
#################################
trans:	0	0	0	255
vert:	19	34	29
lMask:	0	0	0
dMask:	0	0	0
#################################
trans:	0	0	0	255
vert:	30	29	34	32
lMask:	0	0	0	0
dMask:	0	0	0	0
#################################
//Under nose
trans:	0	0	0	255
vert:	31	32	34	33
lMask:	0	0	0	0
dMask:	0	0	0	0
#################################
//Left Eye
trans:	0	255	0	255
vert:	22	23	24	25
lMask:	0	0	0	0
dMask:	0	0	0	0
#################################
//Right Eye
trans:	0	255	0	255
vert:	26	27	28	29
lMask:	0	0	0	0
dMask:	0	0	0	0
#################################
//Nose
trans:	0	255	0	255
vert:	30	31	32
lMask:	0	0	0
dMask:	0	0	0
#################################
//Mouth
trans:	0	255	0	255
vert:	33	34	35	36
lMask:	0	0	0	0
dMask:	0	0	0	0
#################################
end
objectEnd
