Surface

Vertex:
0	0	0
5000	0	0
5000	0	5000
0	0	5000
end

Wall:
grid:	50
trans:	100	0	100	150
vert:	3	2	1	0
#################################
end
objectEnd

Cube

opt:	0

Vertex:
500	100	500
500	100	700
700	100	700
700	100	500
500	300	500
500	300	700
700	300	700
700	300	500
end

Wall:
grid:	4
trans:	0	0	0	120
vert:	3	2	1	0
#################################
grid:	4
trans:	0	0	0	120
vert:	0	1	5	4
#################################
grid:	4
trans:	0	0	0	120
vert:	4	7	3	0
#################################
grid:	4
trans:	0	0	0	120
vert:	2	3	7	6
#################################
grid:	4
trans:	0	0	0	120
vert:	1	2	6	5
#################################
grid:	4
trans:	0	0	0	120
vert:	4	5	6	7
#################################
end
objectEnd
