Human head

opt:	0

Vertex:
//Head
10	60	120
10	120	120
50	120	120
50	60	120
10	60	160
10	120	160
50	120	160
50	60	160
//Left Eye
15	97	120
15	107	120
25	107	120
25	97	120
//Right Eye
35	97	120
35	107	120
45	107	120
45	97	120
//Nose
30	95	120
25	85	120
35	85	120
//Mouth
17	75	120
43	75	120
38	70	120
22	70	120
//Eye brows
13	112	120
27	112	120
33	112	120
47	112	120
end

Wall:
//Head
trans:	0	0	0	255
vert:	1	0	4	5
#################################
trans:	0	0	0	255
vert:	7	6	5	4
#################################
trans:	0	0	0	255
vert:	5	6	2	1
#################################
trans:	0	0	0	255
vert:	6	7	3	2
#################################
trans:	0	0	0	255
vert:	0	3	7	4
#################################
trans:	0	0	0	255
vert:	0	1	2	3
lStrip:	8	9	10	11	8
lStrip:	12	13	14	15	12
lStrip:	16	17	18	16
lStrip:	19	20	21	22	19
lStrip:	23	24
lStrip:	25	26
#################################
end
objectEnd

Human hat

opt:	0

Vertex:
//dash
10	120	90
10	124	90
50	124	90
50	120	90
10	120	160
10	124	120
50	124	120
50	120	160
//head room
//5
10	150	120
50	150	120
//6
//4
10	150	160
50	150	160
//7
//The T
30	128	120
30	144	120
20	144	120
40	144	120
end

Wall:
//dash
trans:	0	0	0	255
vert:	0	1	2	3
###
trans:	0	0	0	255
vert:	1	0	4	5
lMask:	1	1	0	1
###
trans:	0	0	0	255
vert:	0	3	7	4
###
trans:	0	0	0	255
vert:	5	6	2	1
###
trans:	0	0	0	255
vert:	6	7	3	2
lMask:	0	1	1	1
###
//head room
trans:	0	0	0	255
vert:	5	8	9	6
lStrip:	12	13
lStrip:	14	15
###
trans:	0	0	0	255
vert:	4	10	8	5
lMask:	1	1	1	0
###
trans:	0	0	0	255
vert:	8	10	11	9
###
trans:	0	0	0	255
vert:	9	11	7	6
lMask:	1	1	0	1
###
trans:	0	0	0	255
vert:	7	11	10	4
###
end
objectEnd